1 3 1 1
2 3 1 1
3 3 1 1
4 3 1 1
5 3 1 1
6 3 1 1
7 3 1 1
8 3 2 1
9 3 2 1
10 3 2 1
11 3 2 1
12 3 2 1
13 3 2 1
14 3 2 1
15 3 3 1
16 3 3 1
17 3 3 1
18 3 3 1
19 3 3 1
20 3 3 1
21 3 3 1
22 3 4 1
23 3 4 1
24 3 4 1
25 3 4 1
26 3 4 1
27 3 4 1
28 3 4 1
29 3 5 1
30 3 5 1
31 3 5 1
32 3 5 1
33 3 5 1
34 3 5 1
35 3 5 1
36 3 6 1
37 3 6 1
38 3 6 1
39 3 6 1
40 3 6 1
41 3 6 1
42 3 6 1
43 3 7 1
44 3 7 1
45 3 7 1
46 3 7 1
47 3 7 1
48 3 7 1
49 3 7 1
50 3 8 1
51 3 8 1
52 3 8 1
53 3 8 1
54 3 8 1
55 3 8 1
56 3 8 1
57 3 9 1
58 3 9 1
59 3 9 1
60 3 9 1
61 3 9 1
62 3 9 1
63 3 9 1
64 3 10 1
65 3 10 1
66 3 10 1
67 3 10 1
68 3 10 1
69 3 10 1
70 3 10 1
